31
3110
311035
31103512
3110351236
31103512361
3110351236148
311035123614821
31103512361482127
3110351236148212710
311035123614821271044
31103512361482127104426
3110351236148212710442619
311035123614821271044261944
31103512361482127104426194420
3110351236148212710442619442024
311035123614821271044261944202416
31103512361482127104426194420241646
3110351236148212710442619442024164644
311035123614821271044261944202416464430
311035123614821271044261944202416464430
311035123614821271044261944202416464430
